select * from archivo_tipo_caja limit 5;
+--------------+---------------------+-----------------------+------------+
| id_tipo_caja | descripcion         | tiempo_custodio_anios | frecuencia |
+--------------+---------------------+-----------------------+------------+
|            1 | Rollo Testigo       |                    15 |          0 |
|            2 | Vouchers            |                    15 |          0 |
|            3 | Revistas Familia    |                    15 |          1 |
|            4 | Rollo Testigo Viejo |                    15 |          0 |
|            5 | ADM - Cajas de suc  |                    15 |          0 |
+--------------+---------------------+-----------------------+------------+


select * from archivo_atributo;
+-------------+---------------+-----------------+
| id_atributo | descripcion   | tipo            |
+-------------+---------------+-----------------+
|           1 | Fechas        | date            |
|           2 | Locales       | local           |
|           3 | Grupo Locales | grupo_local_f18 |
|           4 | Depósitos    | deposito        |
|           5 | Gerencias     | gerencia        |
+-------------+---------------+-----------------+

select * from archivo_tipo_atributo;
+-------------+--------------+-------+
| id_atributo | id_tipo_caja | multi |
+-------------+--------------+-------+
|           1 | 1            |     1 |
|           2 | 1            |     0 |
|           1 | 2            |     1 |
|           2 | 2            |     0 |
|           1 | 3            |     1 |
|           1 | 4            |     1 |
|           2 | 4            |     1 |
|           1 | 5            |     1 |
|           2 | 5            |     1 |
|           1 | 6            |     1 |
|           2 | 6            |     1 |
|           1 | 7            |     1 |
|           3 | 8            |     0 |
|           1 | 8            |     1 |
|           1 | 9            |     1 |
|           1 | 10           |     1 |
|           1 | 11           |     1 |
|           1 | 12           |     1 |
|           1 | 13           |     1 |
|           1 | 14           |     1 |
|           1 | 15           |     1 |
|           1 | 16           |     1 |
|           1 | 17           |     1 |
|           1 | 18           |     1 |
|           1 | 19           |     1 |
|           1 | 20           |     1 |
|           1 | 21           |     1 |
|           1 | 22           |     1 |
|           1 | 23           |     1 |
|           2 | 17           |     1 |
|           2 | 18           |     1 |
|           4 | 9            |     1 |
|           5 | 10           |     1 |
|           1 | 24           |     1 |
|           1 | 25           |     1 |
|           1 | 26           |     1 |
|           1 | 27           |     1 |
|           1 | 28           |     1 |
|           1 | 29           |     1 |
|           1 | 30           |     1 |
|           1 | 31           |     1 |
+-------------+--------------+-------+
